-0.05184549
-0.07230734
-0.05763283
0.12234642
-0.07033617
0.14826317
-0.17464508
-0.21559262
-0.03350681
-0.01127318
0.01920392
-0.01547940
0.29799712
-0.08521956
0.10191431
-0.27268207
-0.22216165
-0.01358592
-0.17252207
0.05065455
0.25300926
-0.06482799
0.05825742
-0.14048825
0.03162712
-0.00928908
0.02580097
0.20065919
-0.01459111
0.13638008
0.16077748
0.08656433
0.27389446
-0.02054199
-0.09493597
0.19074087
0.16241707
-0.15699665
0.03174120
0.13684577
-0.09718092
0.14976183
0.39558721
-0.25335553
-0.24653861
-0.03746377
-0.07452665
0.32523012
-0.03091334
0.19514142
0.07260563
-0.26760215
0.21142416
0.26646701
-0.00238021
0.11657409
-0.27915117
0.26077813
0.07205068
0.04818368
0.12485202
-0.07548009
-0.24651314
0.17533340
0.42441121
0.27700594
0.12127316
-0.03967073
-0.18128742
-0.09082926
0.05894363
0.18305235
-0.22761850
0.04905447
0.11205697
-0.12905611
0.16915736
-0.21295761
-0.22618040
0.50323170
-0.20620553
0.43581089
-0.09793269
-0.09542715
0.01870379
0.50268370
0.00759560
-0.09799333
-0.26114976
0.00589276
0.00998326
0.24973390
-0.24051601
0.43187293
0.01877006
0.16759528
-0.03902045
-0.39538574
-0.27368763
-0.06336433
-0.05663465
0.11998932
0.04431878
0.24439880
0.12433000
-0.05889795
0.06670950
0.17246075
-0.05521550
0.50209153
0.02199444
-0.06477882
-0.11181259
0.13328682
0.14550719
-0.16898103
-0.14406088
-0.17072636
-0.15356649
0.24930330
-0.10326909
0.19436355
-0.22715044
0.20024107
0.25403395
0.20120989
0.39995244
-0.65638596
0.09506613
-0.25492573
-0.24419107
-0.02255215
-0.04865693
0.29511783
0.10421381
-0.01584138
0.04264238
0.16894618
-0.08709513
-0.10173983
-0.13573001
0.44970456
0.21390416
0.01887664
0.10990280
-0.00795415
-0.05079373
-0.00743959
-0.18982428
-0.34570849
-0.17028899
-0.14528717
-0.17443907
-0.03806669
0.16684307
-0.08392595
-0.17099003
0.20171718
0.24494566
0.20078693
0.16762994
0.09080520
-0.05634662
-0.21636426
-0.06623474
-0.05855032
0.20697513
0.06094486
0.16486715
0.30664313
0.37353528
0.01725798
0.28697550
-0.01033102
-0.07279641
0.05697659
0.03278708
-0.22640887
-0.13802864
0.21366300
0.23317011
0.02861037
0.02896096
-0.03418038
0.36420017
-0.08204719
0.09524228
-0.00082180
-0.01952194
-0.43593818
-0.03876057
-0.13147050
0.12299883
0.25067469
-0.10490561
-0.30601975
0.01788657
-0.20750715
0.02048488
-0.08651241
0.14783296
-0.25241739
-0.02833227
-0.00574393
-0.11658453
0.00124261
-0.03650388
0.26643679
-0.20372602
0.26005408
-0.16416386
0.08101963
-0.19075808
-0.12701342
0.19270013
-0.19874659
0.18479721
0.10089323
-0.05718258
0.11692473
-0.05058467
-0.06163395
0.16371913
-0.37294406
-0.12607516
0.10963461
0.13756298
0.03030775
-0.12913901
0.05912099
-0.27040797
0.81302708
0.32190213
-0.23020349
0.46676961
0.11539087
-0.02345770
-0.15790887
-0.23286901
-0.15215749
-0.06564927
0.02434320
-0.04962338
0.08048326
-0.10132674
-0.15181760
0.14336301
0.35633588
-0.12246066
0.07086248
0.26479587
0.35705236
-0.04444339
0.22719777
-0.12276664
0.11441080
-0.19227223
0.07822508
0.06912527
0.06920414
0.11982846
0.24824329
0.02654982
-0.13799386
0.10969588
0.13183801
0.06815236
-0.00198254
0.07733659
-0.06062435
0.14252257
0.24994333
-0.08229128
0.19846953
0.00543797
-0.27690971
-0.08768413
-0.02484352
0.11146662
0.04627534
-0.11077131
0.02687052
-0.01643429
0.15295252
0.01476819
-0.00183553
-0.00694651
-0.23289645
-0.02574019
0.06222569
-0.08560833
0.01043403
0.03994945
0.08582123
-0.16963515
0.13663043
0.25362289
0.29248551
0.26779690
0.03888846
-0.30021247
-0.02458223
-0.08049628
0.00067782
0.14912771
0.26912081
-0.27858901
-0.07558864
0.02125942
0.05213631
0.13116430
0.25626409
-0.01952642
0.02523856
-0.04279108
0.07953668
0.24318442
0.21844168
-0.06334925
-0.19969612
-0.03020193
0.17318511
0.07716440
0.08999582
0.16289815
0.06960791
0.09867343
0.12218872
0.17273624
-0.14108880
-0.06537224
-0.00476232
-0.17414810
-0.17186093
-0.04014337
0.20696846
0.09067261
-0.44760630
-0.11051372
0.14580578
0.04475473
0.04925458
-0.06476988
-0.11584477
0.00209198
0.00018216
0.04484273
0.09705495
-0.10873788
0.05196990
0.34918150
0.01086131
0.11476672
-0.22059572
0.05283187
-0.04947129
-0.06761468
0.19575086
-0.21453916
-0.32069251
0.08706968
0.09970684
-0.14809622
0.19811040
-0.09328184
-0.01808118
0.36533669
0.33745453
-0.15021023
-0.04108579
0.19452511
0.16653247
0.17576773
-0.19861166
0.05033932
-0.24348228
-0.11725149
-0.06220574
0.24244209
0.17421454
0.02429734
0.10387278
-0.16994345
-0.09232543
0.04232135
-0.14754635
0.36098000
-0.06742026
-0.45971471
0.17714286
-0.20145501
0.03102185
-0.09218895
-0.46762395
0.21485654
0.18439929
-0.24953498
-0.09675945
0.17022438
0.05607560
-0.16928446
-0.35139567
-0.15449019
-0.00802398
0.21300751
0.02297407
0.38822454
-0.39647067
0.07862916
0.01011991
0.20304954
-0.11301842
0.05656672
0.17658401
-0.12949209
0.21824899
0.05189999
0.15673187
-0.11140491
0.21869251
-0.06298271
0.21632260
-0.04882501
0.01628660
0.07569545
-0.22439499
-0.36459103
-0.24559417
-0.11057954
-0.07496953
0.14631657
-0.10544661
-0.09566994
-0.03608697
-0.13390164
0.15009671
0.19202513
-0.31368777
0.05822493
-0.14755611
0.00871915
0.07190979
0.01724595
0.27776885
-0.08409780
-0.29598978
0.16130328
-0.08478764
0.24757117
0.23203926
0.02987950
-0.09785701
-0.09337652
0.02085102
-0.22670144
-0.05447943
0.01931585
0.22950193
-0.35583293
-0.03131610
0.00409354
-0.10210654
-0.09293319
-0.04444620
-0.30077907
0.05196681
-0.09070668
-0.02034545
0.01406785
-0.28330952
-0.32989636
-0.25512379
0.50463212
0.28542343
-0.12383572
0.02579295
0.16549331
-0.39728606
0.17726687
-0.33578688
-0.05578332
0.10262837
0.17472583
0.02809438
0.20520039
-0.26973030
0.13034788
-0.01837172
-0.08515250
0.11160006
-0.16916136
0.07584580
0.00176177
-0.00982543
0.04930358
-0.06069171
0.12963599
0.13882671
0.15849020
-0.11823335
-0.02287788
0.29999143
0.23542218
0.03539623
0.01798132
-0.05074707
-0.04792883
-0.16225305
0.20979878
0.03301007
-0.43484870
-0.14934169
0.43270826
-0.00716221
0.05397213
-0.06690606
0.05588392
0.23633811
-0.11862680
0.12929952
-0.05195501
-0.10672399
0.19940206
-0.03865152
0.10600676
0.23053695
0.21887268
-0.19196947
-0.15837412
0.09279015
0.26854748
0.00917691
0.43359694
0.07966550
0.37804115
-0.09324717
0.02748036
-0.15106057
-0.08695883
-0.38077733
0.20959984
-0.01135256
0.08418863
0.14795586
0.02929367
0.03293376
-0.27235588
0.11258347
-0.28811696
0.30730152
-0.04947159
0.04168102
-0.05524184
0.05701692
0.19289468
-0.25549996
-0.20822620
-0.11782600
-0.06323916
-0.02195119
-0.07482938
-0.44297487
0.45143634
-0.16391322
0.00526279
0.02722776
-0.23969480
0.04326917
0.07207672
-0.00066763
-0.45542684
-0.15129995
-0.11670255
0.24557859
-0.01641884
0.03177060
0.02758677
-0.17537194
-0.17909025
0.27147135
0.05628347
0.19114996
-0.10935107
-0.17764139
-0.19616500
-0.01600731
-0.30527982
-0.04317925
-0.31753644
0.11270299
-0.10277852
0.10667338
0.29590705
-0.29604304
0.23791952
0.19432209
-0.03786327
0.28732514
0.15010990
-0.09802336
-0.17062749
0.10337079
0.40275076
-0.08562647
0.12925729
0.03991054
0.05127635
0.09022514
0.40339598
0.05816740
-0.03337215
-0.05253034
-0.32075781
-0.07563537
0.15615968
0.02052435
-0.28126869
-0.01337139
0.21329018
0.00129657
-0.11026863
0.06085583
0.23059933
-0.11405470
-0.07685155
-0.12529838
-0.18766977
-0.11045630
0.03877848
-0.12514021
0.32807258
0.04521253
0.00171187
-0.07542697
-0.02742370
-0.29933053
0.10103630
-0.28905195
-0.19017509
-0.11082304
0.06571820
0.12870270
0.08437569
0.04313062
-0.01966306
0.14132661
0.07017983
0.03092945
0.10593134
0.11079545
0.02690232
0.02093052
0.08680853
-0.01651860
-0.12976617
0.11185803
-0.07704283
-0.27411181
-0.08132972
-0.10734721
0.14439079
-0.08524624
0.09603394
0.08185549
0.24609815
-0.02291998
-0.18054944
-0.00079465
-0.02702992
0.04659976
-0.18477318
-0.34319150
-0.21885200
-0.06572831
0.11471665
-0.17979690
0.02809693
0.16964045
-0.03551908
-0.06079694
0.01476372
0.13408004
0.11973622
-0.41804099
-0.25685722
-0.00940540
0.05490152
-0.02308086
-0.06470896
-0.20738634
0.15187156
0.14984539
0.27721566
-0.31164420
-0.37296802
-0.01204191
0.25317827
0.07811657
0.04123517
0.00685775
0.46283221
0.09223972
0.04266067
-0.19073148
0.11253139
0.07221024
0.17135780
0.01033207
0.08058222
0.26046389
0.15923722
0.03289953
0.13496323
-0.18412815
-0.05831730
-0.01183106
-0.10299931
-0.16087374
0.09967585
-0.09269446
0.16832389
0.25002721
-0.33337903
-0.05254512
-0.17158411
0.25398976
-0.14496504
0.05284430
0.37617838
0.13646388
-0.18096714
-0.07456994
-0.17509034
-0.01268286
0.12198556
-0.16185769
-0.34240189
0.03600307
-0.26352757
-0.01024760
0.19985178
-0.18388495
-0.08351216
-0.14432727
-0.04081171
0.03633545
-0.15113506
0.19373456
-0.07419070
0.19261293
-0.26756215
-0.08555630
-0.23569453
-0.19557425
0.07546782
0.22787626
-0.02222999
-0.13040808
-0.04688804
-0.15038262
0.09978352
-0.08524983
-0.24873269
0.42030698
-0.03682865
0.10923962
-0.20196196
-0.01717626
-0.16770454
